39,35
14,5
10,225
10,69
10,125
10,203
10,78
10,173
10,113
10,76
11,16
11,30
11,27
11,23
11,4
8,5
8,8
8,18
0,318
12,2
12,1
12,3
35,7
35,6
35,5
35,4
35,3
35,2
35,1
35,0
34,5
34,4
34,3
34,2
34,1
34,0
33,66
33,65
33,64
33,36
33,35
33,34
33,33
33,32
33,31
33,30
33,29
33,28
33,27
33,26
33,25
33,24
33,23
33,22
33,21
33,20
33,19
33,18
33,17
33,16
33,15
33,14
33,13
33,12
33,11
33,10
33,9
33,8
33,7
33,6
33,5
33,4
33,3
33,2
33,1
33,0
32,4
32,3
32,2
32,1
32,0
31,8
31,5
31,4
31,3
31,1
30,4
30,3
30,1
29,3
29,1
28,5
28,4
19,2
28,3
19,1
28,1
19,3
27,3
27,1
26,4
26,3
26,1
25,5
25,4
25,3
25,1
24,4
24,3
24,1
20,1
20,3
20,2
11,26
11,18
11,1
